#F tissue.txt
#S 1 File written by xplot on Thu Mar 02 14:21:59 2023
#N 8
#L    PhotonEnergy [eV]  XCOM:Rayleigh(coherent)[cm^-1]  XCOM:Compton(incoherent)[cm^-1]  XCOM:PhotoElectric[cm^-1]  XCOM:PairProduction(NuclearField)[cm^-1]  XCOM:PairProduction(ElectronField)[cm^-1]  XCOM:TotalCrossSection[cm^-1]  XCOM:TotalCrossSection-Coh[cm^-1]
1000 1.41335 0.0142938 3932.45 0 0 3932.73 3932.45 
2000 1.17092 0.0448673 591.994 0 0 593.092 592.018 
3000 0.918249 0.0753515 193.62 0 0 194.611 193.682 
4000 0.713591 0.0999557 85.6866 0 0 86.5092 85.7894 
5000 0.562562 0.118587 44.0961 0 0 44.7855 44.2049 
6000 0.453998 0.13249 25.4481 0 0 26.0344 25.5809 
7000 0.374932 0.142976 15.929 0 0 16.447 16.0724 
8000 0.316158 0.151067 10.5732 0 0 11.0405 10.7233 
9000 0.271469 0.157435 7.35555 0 0 7.78574 7.51441 
10000 0.236567 0.162573 5.30313 0 0 5.70364 5.46461 
11000 0.208856 0.166819 3.94539 0 0 4.31998 4.11103 
12000 0.18607 0.170427 3.0017 0 0 3.35822 3.17218 
13000 0.167169 0.173499 2.3329 0 0 2.67367 2.50631 
14000 0.151328 0.176138 1.8487 0 0 2.1761 2.02489 
15000 0.13768 0.178453 1.48526 0 0 1.80131 1.6636 
16000 0.12597 0.180479 1.21201 0 0 1.51856 1.39255 
17000 0.115665 0.182263 0.99953 0 0 1.29756 1.18173 
18000 0.106641 0.183861 0.833308 0 0 1.12381 1.01721 
19000 0.0986182 0.185245 0.701156 0 0 0.985089 0.886549 
20000 0.091418 0.18647 0.594612 0 0 0.872526 0.78102 
21000 0.0849999 0.187529 0.508892 0 0 0.781237 0.696412 
22000 0.0792325 0.18846 0.438467 0 0 0.706025 0.626762 
23000 0.0739709 0.18925 0.379561 0 0 0.642876 0.568895 
24000 0.0692469 0.189954 0.331267 0 0 0.590449 0.521313 
25000 0.0649748 0.190547 0.290629 0 0 0.546027 0.481252 
26000 0.0610468 0.191032 0.256074 0 0 0.508268 0.447095 
27000 0.0574468 0.191457 0.22668 0 0 0.475554 0.418107 
28000 0.0541607 0.191802 0.201527 0 0 0.447371 0.393331 
29000 0.0511276 0.192095 0.179823 0 0 0.423155 0.371889 
30000 0.0483501 0.192299 0.161085 0 0 0.401735 0.353384 
31000 0.0457899 0.19245 0.144875 0 0 0.383111 0.337329 
32000 0.0434301 0.192558 0.130711 0 0 0.366703 0.323298 
33000 0.0412414 0.192631 0.118304 0 0 0.35218 0.31094 
34000 0.0392049 0.192663 0.107367 0 0 0.339213 0.300023 
35000 0.0373132 0.192642 0.0977477 0 0 0.327687 0.290393 
36000 0.0355357 0.192581 0.0891231 0 0 0.317243 0.281708 
37000 0.0339142 0.192504 0.0815746 0 0 0.307979 0.274066 
38000 0.0323776 0.192394 0.074727 0 0 0.2995 0.267124 
39000 0.0309593 0.192247 0.0687206 0 0 0.291941 0.260963 
40000 0.0296168 0.192086 0.0632367 0 0 0.284934 0.255318 
41000 0.0283731 0.1919 0.0583706 0 0 0.278659 0.250275 
42000 0.0271968 0.191695 0.0539615 0 0 0.272845 0.245656 
43000 0.026095 0.191476 0.0499769 0 0 0.267532 0.241433 
44000 0.0250605 0.191235 0.0463604 0 0 0.26264 0.237594 
45000 0.0240812 0.190969 0.0430797 0 0 0.258112 0.234049 
46000 0.0231597 0.190689 0.0400882 0 0 0.253926 0.230782 
47000 0.0222896 0.190419 0.0373514 0 0 0.250048 0.227757 
48000 0.0214659 0.190114 0.0348595 0 0 0.246436 0.224971 
49000 0.020693 0.189812 0.0325942 0 0 0.243113 0.222393 
50000 0.0199577 0.189498 0.0305055 0 0 0.239972 0.220001 
51000 0.0192613 0.189175 0.0285931 0 0 0.237015 0.217761 
52000 0.0186027 0.188849 0.0268403 0 0 0.234277 0.215671 
53000 0.0179729 0.188499 0.0252103 0 0 0.2317 0.213714 
54000 0.0173809 0.188177 0.0237187 0 0 0.22926 0.211899 
55000 0.0168106 0.187803 0.0223271 0 0 0.22694 0.210143 
56000 0.0162659 0.187467 0.0210389 0 0 0.224762 0.208516 
57000 0.0157571 0.187102 0.0198625 0 0 0.222729 0.206964 
58000 0.0152678 0.186735 0.0187669 0 0 0.220773 0.205516 
59000 0.0147998 0.186378 0.017747 0 0 0.218913 0.204133 
60000 0.0143485 0.186003 0.0167827 0 0 0.217129 0.20277 
61000 0.0139244 0.185633 0.0159081 0 0 0.215459 0.201531 
62000 0.0135139 0.185257 0.0150788 0 0 0.213848 0.200327 
63000 0.0131228 0.18487 0.0143041 0 0 0.212312 0.199189 
64000 0.0127498 0.1845 0.0135847 0 0 0.210823 0.198075 
65000 0.0123898 0.18412 0.0129134 0 0 0.209408 0.19702 
66000 0.0120449 0.183727 0.0122829 0 0 0.208054 0.196008 
67000 0.011715 0.183335 0.0116901 0 0 0.206753 0.195033 
68000 0.0113989 0.182967 0.0111328 0 0 0.205499 0.194089 
69000 0.0110966 0.18258 0.0106173 0 0 0.20429 0.193197 
70000 0.0108041 0.182193 0.0101271 0 0 0.203111 0.192311 
71000 0.0105214 0.181801 0.00966223 0 0 0.20197 0.191449 
72000 0.0102497 0.181397 0.00922501 0 0 0.200878 0.190637 
73000 0.00999052 0.181005 0.00882087 0 0 0.199832 0.189839 
74000 0.0097401 0.180614 0.00843697 0 0 0.198804 0.189064 
75000 0.0094979 0.180222 0.00807149 0 0 0.197794 0.188311 
76000 0.00926747 0.179839 0.00772944 0 0 0.196835 0.187574 
77000 0.00904499 0.179459 0.00740561 0 0 0.195907 0.186861 
78000 0.00882831 0.179081 0.00709577 0 0 0.194999 0.186165 
79000 0.0086184 0.17869 0.00680679 0 0 0.19411 0.185493 
80000 0.00841656 0.1783 0.00652919 0 0 0.193232 0.184838 
81000 0.00822336 0.177918 0.00626863 0 0 0.192395 0.184182 
82000 0.00803775 0.177535 0.00602513 0 0 0.191578 0.183564 
83000 0.00785623 0.177147 0.00578952 0 0 0.190778 0.182943 
84000 0.00767949 0.176754 0.00556318 0 0 0.189997 0.182321 
85000 0.00751036 0.17638 0.00535451 0 0 0.189248 0.181739 
86000 0.00734453 0.176007 0.00515176 0 0 0.188509 0.181163 
87000 0.00718656 0.175624 0.00496018 0 0 0.187783 0.18058 
88000 0.00703276 0.175246 0.00477773 0 0 0.187064 0.180012 
89000 0.00688267 0.174872 0.00460335 0 0 0.186353 0.179457 
90000 0.00674022 0.174491 0.00443969 0 0 0.18567 0.178918 
91000 0.0065999 0.17411 0.00427929 0 0 0.184995 0.178385 
92000 0.00646545 0.173745 0.00413103 0 0 0.184347 0.177876 
93000 0.00633328 0.173379 0.00398605 0 0 0.183704 0.177367 
94000 0.00620669 0.173005 0.00384912 0 0 0.183069 0.176859 
95000 0.00608253 0.172635 0.00371762 0 0 0.182441 0.176361 
96000 0.00596099 0.172268 0.00359203 0 0 0.181822 0.175874 
97000 0.00584492 0.171904 0.00347243 0 0 0.181219 0.175391 
98000 0.00573208 0.17154 0.00335636 0 0 0.180627 0.17491 
99000 0.00562227 0.171177 0.00324724 0 0 0.180051 0.174437 
100000 0.00551346 0.170815 0.00314044 0 0 0.17948 0.173968 
101000 0.00541142 0.170464 0.00304221 0 0 0.178903 0.173499 
102000 0.00530571 0.170088 0.00294123 0 0 0.178331 0.173024 
103000 0.00520916 0.169726 0.00284999 0 0 0.177789 0.172582 
104000 0.00511364 0.169365 0.00275984 0 0 0.177249 0.172143 
105000 0.00502396 0.169021 0.00267842 0 0 0.176735 0.171712 
106000 0.00493492 0.168678 0.00259798 0 0 0.176223 0.171281 
107000 0.00484505 0.16832 0.00251849 0 0 0.1757 0.170845 
108000 0.00475497 0.167958 0.00243923 0 0 0.175175 0.170408 
109000 0.00467394 0.167624 0.00236928 0 0 0.174688 0.170003 
110000 0.00459518 0.167296 0.00230165 0 0 0.174211 0.169606 
111000 0.00451612 0.166959 0.0022347 0 0 0.173721 0.169199 
112000 0.00443687 0.166614 0.00216822 0 0 0.173222 0.168785 
113000 0.00436093 0.16627 0.00210521 0 0 0.172735 0.168378 
114000 0.0042883 0.165925 0.00204567 0 0 0.172259 0.167979 
115000 0.00421714 0.165585 0.00198798 0 0 0.17179 0.167585 
116000 0.0041494 0.165256 0.00193459 0 0 0.171336 0.167204 
117000 0.00408165 0.164927 0.00188121 0 0 0.170882 0.166824 
118000 0.00401386 0.164583 0.0018288 0 0 0.170422 0.16643 
119000 0.00394607 0.164238 0.00177639 0 0 0.169961 0.166036 
120000 0.00388406 0.163913 0.00172991 0 0 0.169532 0.165664 
121000 0.0038235 0.163594 0.0016849 0 0 0.16911 0.165298 
122000 0.00376404 0.163276 0.00164095 0 0 0.168688 0.164932 
123000 0.00370623 0.16296 0.00159861 0 0 0.168268 0.164569 
124000 0.00364842 0.162644 0.00155626 0 0 0.167847 0.164206 
125000 0.00359218 0.162325 0.00151657 0 0 0.167423 0.163843 
126000 0.00353595 0.162005 0.00147689 0 0 0.167 0.16348 
127000 0.00348106 0.161679 0.0014387 0 0 0.166585 0.163116 
128000 0.00342707 0.161348 0.00140152 0 0 0.166177 0.16275 
129000 0.00337428 0.161021 0.00136531 0 0 0.165772 0.16239 
130000 0.00332628 0.160713 0.00133304 0 0 0.165383 0.162053 
131000 0.00327829 0.160405 0.00130076 0 0 0.164993 0.161716 
132000 0.00323023 0.160097 0.00126897 0 0 0.164601 0.16137 
133000 0.00318214 0.159791 0.0012375 0 0 0.164207 0.161017 
134000 0.00313456 0.159485 0.00120644 0 0 0.163817 0.160668 
135000 0.00309156 0.15919 0.00117916 0 0 0.163455 0.160346 
136000 0.00304856 0.158895 0.00115188 0 0 0.163093 0.160025 
137000 0.00300555 0.158594 0.00112486 0 0 0.162725 0.159701 
138000 0.00296253 0.158286 0.00109822 0 0 0.162348 0.159376 
139000 0.00291952 0.157977 0.00107159 0 0 0.16197 0.159051 
140000 0.00287897 0.157667 0.00104699 0 0 0.161604 0.158725 
141000 0.00283904 0.157356 0.00102291 0 0 0.16124 0.1584 
142000 0.0027994 0.157049 0.000999056 0 0 0.160878 0.158075 
143000 0.00276241 0.156762 0.00097731 0 0 0.160525 0.157761 
144000 0.00272542 0.156475 0.000955564 0 0 0.160173 0.157446 
145000 0.00268879 0.156188 0.00093422 0 0 0.159821 0.157133 
146000 0.00265303 0.155901 0.000913814 0 0 0.159472 0.156821 
147000 0.00261726 0.155614 0.000893407 0 0 0.159122 0.15651 
148000 0.00258289 0.155329 0.000873997 0 0 0.158778 0.156203 
149000 0.00254991 0.155046 0.000855583 0 0 0.15844 0.155902 
150000 0.00251693 0.154763 0.000837169 0 0 0.158103 0.1556 
151000 0.00248417 0.154472 0.000819376 0 0 0.157773 0.155295 
152000 0.00245321 0.154204 0.000802509 0 0 0.157447 0.155004 
153000 0.00242225 0.153935 0.000785642 0 0 0.157121 0.154714 
154000 0.00239193 0.153659 0.000769446 0 0 0.156799 0.154421 
155000 0.00236204 0.153377 0.000753698 0 0 0.156481 0.154126 
156000 0.00233215 0.153095 0.000737949 0 0 0.156162 0.153831 
157000 0.00230293 0.152816 0.000722797 0 0 0.155838 0.153539 
158000 0.00227418 0.152538 0.000708042 0 0 0.155511 0.153249 
159000 0.00224542 0.15226 0.000693286 0 0 0.155183 0.152958 
160000 0.00221782 0.151986 0.000679333 0 0 0.154868 0.152671 
161000 0.00219099 0.151715 0.000665915 0 0 0.154563 0.152386 
162000 0.00216416 0.151445 0.000652496 0 0 0.154257 0.152101 
163000 0.00213823 0.151177 0.000639657 0 0 0.153957 0.151821 
164000 0.0021132 0.150913 0.000627398 0 0 0.153661 0.151545 
165000 0.00208817 0.150648 0.000615138 0 0 0.153364 0.151269 
166000 0.00206363 0.150387 0.000603225 0 0 0.153068 0.150996 
167000 0.00204024 0.150132 0.000592121 0 0 0.15277 0.150731 
168000 0.00201684 0.149878 0.000581017 0 0 0.152473 0.150465 
169000 0.00199345 0.149623 0.000569913 0 0 0.152175 0.1502 
170000 0.00197088 0.149366 0.000559496 0 0 0.151887 0.149932 
171000 0.00194831 0.149109 0.00054908 0 0 0.151599 0.149665 
172000 0.00192574 0.148853 0.000538663 0 0 0.15131 0.149397 
173000 0.00190376 0.148597 0.000528658 0 0 0.151022 0.149129 
174000 0.00188203 0.148343 0.00051883 0 0 0.150734 0.148862 
175000 0.00186031 0.148088 0.000509002 0 0 0.150445 0.148595 
176000 0.00183939 0.147835 0.000499651 0 0 0.150164 0.148333 
177000 0.0018197 0.147585 0.000491017 0 0 0.149892 0.148081 
178000 0.00180001 0.147335 0.000482384 0 0 0.14962 0.147829 
179000 0.00178032 0.147085 0.00047375 0 0 0.149348 0.147576 
180000 0.00176125 0.146841 0.000465602 0 0 0.149076 0.147317 
181000 0.00174225 0.146599 0.000457508 0 0 0.148804 0.147057 
182000 0.00172325 0.146357 0.000449414 0 0 0.148532 0.146797 
183000 0.00170456 0.146113 0.000441501 0 0 0.14826 0.14654 
184000 0.00168632 0.145864 0.00043386 0 0 0.147988 0.146288 
185000 0.00166809 0.145616 0.000426218 0 0 0.147716 0.146036 
186000 0.00164986 0.145368 0.000418576 0 0 0.147444 0.145784 
187000 0.00163302 0.145135 0.000411683 0 0 0.147188 0.145545 
188000 0.00161635 0.144905 0.000404872 0 0 0.146934 0.145307 
189000 0.00159968 0.144674 0.000398061 0 0 0.146679 0.145069 
190000 0.00158312 0.144441 0.000391348 0 0 0.146424 0.144831 
191000 0.00156703 0.144204 0.000385027 0 0 0.146165 0.144593 
192000 0.00155094 0.143967 0.000378705 0 0 0.145906 0.144354 
193000 0.00153485 0.14373 0.000372384 0 0 0.145648 0.144116 
194000 0.00151928 0.1435 0.000366318 0 0 0.145393 0.143881 
195000 0.00150423 0.143277 0.000360509 0 0 0.145143 0.143649 
196000 0.00148918 0.143053 0.000354699 0 0 0.144893 0.143417 
197000 0.00147413 0.14283 0.000348889 0 0 0.144643 0.143186 
198000 0.00145947 0.142604 0.000343311 0 0 0.144398 0.142955 
199000 0.00144498 0.142377 0.000337832 0 0 0.144156 0.142724 
200000 0.00143048 0.14215 0.000332354 0 0 0.143913 0.142493 
